[Punzi]
Untagged = 0.931149
VBF1j = 1.047023
VBF2j = 1.048623
VHlept = 1.000000
VHhadr = 1.031603
ttHlept = 1.000000
ttHhadr = 1.000000
VHMET = 1.000000
