[Punzi]
Untagged = 0.930939
VBF1j = 1.046982
VBF2j = 1.047455
VHlept = 1.000000
VHhadr = 1.031111
ttHlept = 1.000000
ttHhadr = 1.000000
VHMET = 1.000000
